// Move bytecode v7
module 1337.m0veCon {
use 0000000000000000000000000000000000000000000000000000000000000001::vector;




public compress(Arg0: vector<u8>): vector<u8> /* def_idx: 0 */ {
L1:	loc0: vector<u8>
L2:	loc1: u8
L3:	loc2: vector<u8>
L4:	loc3: &vector<u8>
L5:	loc4: bool
L6:	loc5: u64
L7:	loc6: u64
L8:	loc7: vector<vector<u8>>
L9:	loc8: u64
L10:	loc9: vector<vector<u8>>
L11:	loc10: u64
L12:	loc11: &vector<u8>
L13:	loc12: vector<vector<u8>>
L14:	loc13: vector<vector<u8>>
L15:	loc14: bool
L16:	loc15: vector<vector<u8>>
L17:	loc16: vector<u8>
L18:	loc17: vector<u8>
L19:	loc18: u8
L20:	loc19: &u8
L21:	loc20: u8
L22:	loc21: &mut vector<u8>
L23:	loc22: &mut u8
B0:
	0: VecPack(1, 0)
	1: StLoc[1](loc0: vector<u8>)
	2: LdU8(0)
	3: StLoc[2](loc1: u8)
	4: CopyLoc[0](Arg0: vector<u8>)
	5: StLoc[3](loc2: vector<u8>)
B1:
	6: ImmBorrowLoc[3](loc2: vector<u8>)
	7: Call vector::is_empty<u8>(&vector<u8>): bool
	8: BrTrue(381)
B2:
	9: LdFalse
	10: StLoc[5](loc4: bool)
	11: ImmBorrowLoc[3](loc2: vector<u8>)
	12: VecLen(1)
	13: LdU64(4)
	14: Ge
	15: BrFalse(192)
B3:
	16: LdU64(0)
	17: StLoc[6](loc5: u64)
B4:
	18: CopyLoc[6](loc5: u64)
	19: StLoc[7](loc6: u64)
	20: LdConst[0](Vector(Vector(U8)): [128, 2, 5, 99, 111, 117, 108, 100, 7, 109, 101, 115, 115, 97, 103, 101, 13, 105, 110, 116, 101, 114, 110, 97, 116, 105, 111, 110, 97, 108, 4, 114, 101, 97, 100, 6, 102, 97, 109, 105, 108, 121, 5, 101, 118, 101, 110, 116, 5, 115, 116, 111, 114, 101, 6, 100, 101, 116, 97, 105, 108, 6, 115, 121, 115, 116, 101, 109, 7, 118, 101, 114, 115, 105, 111, 110, 4, 108, 97, 115, 116, 8, 110, 97, 116, 105, 111, 110, 97, 108, 4, 110, 101, 101, 100, 4, 108, 105, 110, 107, 6, 116, 114, 97, 118, 101, 108, 6, 109, 101, 109, 98, 101, 114, 4, 101, 97, 99, 104, 5, 99, 108, 105, 99, 107, 6, 97, 99, 99, 101, 115, 115, 4, 111, 118, 101, 114, 7, 103, 101, 110, 101, 114, 97, 108, 5, 98, 108, 97, 99, 107, 5, 115, 111, 117, 116, 104, 7, 97, 100, 100, 114, 101, 115, 115, 7, 112, 114, 111, 103, 114, 97, 109, 4, 104, 105, 103, 104, 4, 116, 104, 97, 116, 8, 115, 104, 111, 112, 112, 105, 110, 103, 4, 115, 97, 105, 100, 8, 100, 111, 119, 110, 108, 111, 97, 100, 5, 102, 111, 114, 117, 109, 7, 97, 110, 111, 116, 104, 101, 114, 6, 110, 117, 109, 98, 101, 114, 4, 111, 110, 108, 121, 7, 99, 111, 109, 109, 101, 110, 116, 4, 109, 97, 105, 110, 7, 115, 117, 98, 106, 101, 99, 116, 4, 100, 97, 116, 97, 4, 115, 105, 116, 101, 9, 102, 111, 108, 108, 111, 119, 105, 110, 103, 5, 104, 111, 116, 101, 108, 4, 121, 101, 97, 114, 6, 99, 101, 110, 116, 101, 114, 4, 118, 105, 101, 119, 4, 109, 117, 115, 116, 4, 119, 101, 108, 108, 7, 112, 114, 111, 100, 117, 99, 116, 8, 99, 111, 109, 112, 117, 116, 101, 114, 8, 105, 110, 116, 101, 114, 110, 101, 116, 8, 115, 111, 102, 116, 119, 97, 114, 101, 4, 98, 97, 99, 107, 5, 116, 104, 101, 114, 101, 5, 97, 98, 111, 117, 116, 4, 106, 117, 115, 116, 5, 112, 104, 111, 110, 101, 5, 112, 114, 105, 99, 101, 4, 110, 101, 120, 116, 4, 108, 105, 107, 101, 4, 115, 111, 109, 101, 7, 98, 101, 116, 119, 101, 101, 110, 4, 112, 97, 114, 116, 10, 109, 97, 110, 97, 103, 101, 109, 101, 110, 116, 6, 99, 111, 117, 110, 116, 121, 6, 119, 105, 116, 104, 105, 110, 4, 119, 105, 108, 108, 5, 115, 116, 105, 108, 108, 4, 116, 101, 120, 116, 11, 100, 101, 118, 101, 108, 111, 112, 109, 101, 110, 116, 5, 116, 104, 111, 115, 101, 5, 115, 109, 97, 108, 108, 7, 106, 97, 110, 117, 97, 114, 121, 11, 105, 110, 102, 111, 114, 109, 97, 116, 105, 111, 110, 4, 115, 117, 99, 104, 8, 108, 111, 99, 97, 116, 105, 111, 110, 5, 119, 97, 116, 101, 114, 6, 114, 101, 115, 117, 108, 116, 5, 99, 104, 105, 108, 100, 4, 119, 111, 114, 107, 7, 114, 101, 108, 97, 116, 101, 100, 4, 99, 105, 116, 121, 4, 119, 97, 110, 116, 6, 98, 101, 102, 111, 114, 101, 8, 115, 101, 99, 117, 114, 105, 116, 121, 4, 115, 105, 122, 101, 9, 101, 100, 117, 99, 97, 116, 105, 111, 110, 4, 118, 101, 114, 121, 4, 116, 104, 97, 110, 5, 119, 111, 114, 108, 100, 5, 119, 111, 109, 101, 110, 5, 115, 105, 110, 99, 101, 7, 112, 114, 111, 106, 101, 99, 116, 4, 101, 118, 101, 110, 6, 104, 101, 97, 108, 116, 104, 7, 115, 117, 112, 112, 111, 114, 116, 4, 111, 112, 101, 110, 5, 111, 114, 100, 101, 114, 10, 103, 111, 118, 101, 114, 110, 109, 101, 110, 116, 4, 115, 104, 111, 119, 4, 99, 97, 115, 101, 4, 105, 110, 102, 111, 4, 116, 104, 101, 110, 5, 116, 111, 116, 97, 108, 4, 101, 98, 97, 121, 7, 99, 111, 109, 112, 97, 110, 121, 4, 102, 114, 111, 109, 6, 114, 97, 116, 105, 110, 103, 5, 104, 111, 117, 115, 101, 5, 102, 105, 114, 115, 116, 4, 116, 121, 112, 101, 4, 109, 111, 114, 101, 4, 100, 111, 119, 110, 5, 119, 104, 105, 99, 104, 4, 114, 101, 97, 108, 6, 112, 108, 101, 97, 115, 101, 5, 119, 104, 101, 114, 101, 5, 103, 114, 111, 117, 112, 5, 108, 101, 118, 101, 108, 4, 100, 97, 121, 115, 4, 104, 97, 118, 101, 4, 108, 111, 110, 103, 5, 110, 111, 114, 116, 104, 7, 100, 105, 103, 105, 116, 97, 108, 7, 112, 114, 111, 102, 105, 108, 101, 9, 100, 105, 114, 101, 99, 116, 111, 114, 121, 5, 117, 115, 105, 110, 103, 6, 100, 117, 114, 105, 110, 103, 8, 112, 101, 114, 115, 111, 110, 97, 108, 5, 119, 104, 105, 116, 101, 8, 98, 117, 115, 105, 110, 101, 115, 115, 6, 114, 101, 112, 111, 114, 116, 4, 116, 104, 101, 109, 4, 109, 111, 115, 116, 4, 97, 114, 101, 97, 4, 104, 111, 109, 101, 4, 105, 116, 101, 109, 5, 118, 105, 100, 101, 111, 4, 99, 97, 114, 101, 4, 109, 97, 110, 121, 7, 112, 114, 105, 118, 97, 99, 121, 5, 108, 111, 99, 97, 108, 6, 112, 101, 111, 112, 108, 101, 7, 97, 99, 99, 111, 117, 110, 116, 4, 109, 97, 107, 101, 4, 102, 114, 101, 101, 9, 105, 110, 99, 108, 117, 100, 105, 110, 103, 8, 115, 104, 105, 112, 112, 105, 110, 103, 7, 115, 101, 114, 118, 105, 99, 101, 7, 104, 105, 115, 116, 111, 114, 121, 7, 99, 111, 110, 116, 97, 99, 116, 6, 100, 101, 115, 105, 103, 110, 7, 99, 111, 110, 116, 114, 111, 108, 5, 119, 111, 117, 108, 100, 5, 109, 101, 100, 105, 97, 4, 109, 97, 105, 108, 4, 115, 105, 103, 110, 4, 100, 111, 101, 115, 4, 121, 111, 117, 114, 9, 97, 118, 97, 105, 108, 97, 98, 108, 101, 8, 114, 101, 115, 111, 117, 114, 99, 101, 7, 116, 104, 114, 111, 117, 103, 104, 6, 114, 101, 118, 105, 101, 119, 7, 110, 101, 116, 119, 111, 114, 107, 4, 115, 101, 110, 100, 4, 105, 110, 116, 111, 5, 109, 117, 115, 105, 99, 5, 115, 112, 111, 114, 116, 4, 108, 105, 102, 101, 4, 104, 101, 114, 101, 5, 103, 117, 105, 100, 101, 4, 102, 105, 108, 101, 4, 117, 115, 101, 114, 4, 112, 111, 115, 116, 10, 116, 101, 99, 104, 110, 111, 108, 111, 103, 121, 10, 117, 110, 105, 118, 101, 114, 115, 105, 116, 121, 5, 112, 108, 97, 99, 101, 5, 103, 114, 101, 97, 116, 8, 114, 101, 115, 101, 114, 118, 101, 100, 4, 102, 117, 108, 108, 4, 100, 97, 116, 101, 5, 98, 111, 97, 114, 100, 6, 111, 102, 102, 105, 99, 101, 4, 108, 105, 115, 116, 4, 119, 104, 97, 116, 4, 98, 111, 116, 104, 4, 97, 108, 115, 111, 4, 115, 97, 109, 101, 8, 97, 109, 101, 114, 105, 99, 97, 110, 4, 102, 111, 114, 109, 4, 103, 97, 109, 101, 5, 98, 97, 115, 101, 100, 4, 99, 111, 100, 101, 5, 116, 111, 100, 97, 121, 5, 105, 110, 100, 101, 120, 5, 98, 101, 105, 110, 103, 6, 117, 110, 105, 116, 101, 100, 4, 119, 104, 101, 110, 4, 104, 101, 108, 112, 7, 115, 101, 99, 116, 105, 111, 110, 5, 115, 116, 97, 116, 101, 4, 110, 97, 109, 101, 6, 112, 111, 108, 105, 99, 121, 7, 99, 117, 114, 114, 101, 110, 116, 6, 114, 101, 116, 117, 114, 110, 5, 116, 104, 105, 110, 107, 4, 107, 110, 111, 119, 4, 109, 117, 99, 104, 5, 102, 111, 117, 110, 100, 6, 112, 111, 115, 116, 101, 100, 5, 117, 110, 100, 101, 114, 7, 115, 112, 101, 99, 105, 97, 108, 4, 112, 97, 103, 101, 4, 116, 104, 105, 115, 4, 110, 101, 119, 115, 7, 115, 116, 117, 100, 101, 110, 116, 4, 103, 111, 111, 100, 4, 117, 115, 101, 100, 4, 98, 111, 111, 107, 6, 111, 110, 108, 105, 110, 101, 5, 114, 105, 103, 104, 116, 6, 112, 117, 98, 108, 105, 99, 4, 114, 97, 116, 101, 9, 99, 111, 109, 109, 117, 110, 105, 116, 121, 5, 116, 104, 114, 101, 101, 4, 119, 105, 116, 104, 4, 116, 101, 114, 109, 4, 108, 105, 110, 101, 4, 98, 101, 101, 110, 4, 108, 111, 118, 101, 4, 116, 105, 109, 101, 5, 119, 104, 105, 108, 101, 5, 116, 104, 101, 105, 114, 5, 112, 111, 119, 101, 114, 7, 119, 105, 116, 104, 111, 117, 116, 7, 119, 101, 98, 115, 105, 116, 101, 4, 98, 101, 115, 116, 6, 115, 104, 111, 117, 108, 100, 6, 115, 101, 97, 114, 99, 104, 9, 99, 111, 112, 121, 114, 105, 103, 104, 116, 8, 114, 101, 115, 101, 97, 114, 99, 104, 5, 111, 116, 104, 101, 114, 5, 99, 108, 97, 115, 115, 8, 112, 114, 101, 118, 105, 111, 117, 115, 5, 116, 104, 101, 115, 101, 4, 116, 104, 101, 121, 6, 99, 104, 97, 110, 103, 101, 4, 115, 104, 111, 112, 4, 102, 105, 110, 100, 7, 98, 101, 99, 97, 117, 115, 101, 7, 112, 105, 99, 116, 117, 114, 101, 5, 97, 102, 116, 101, 114, 6, 115, 99, 104, 111, 111, 108, 4, 119, 101, 114, 101, 4, 109, 97, 100, 101, 4, 116, 97, 107, 101, 5, 99, 104, 101, 99, 107, 5, 101, 109, 97, 105, 108])
	21: StLoc[8](loc7: vector<vector<u8>>)
	22: ImmBorrowLoc[8](loc7: vector<vector<u8>>)
	23: VecLen(0)
	24: StLoc[9](loc8: u64)
	25: MoveLoc[7](loc6: u64)
	26: MoveLoc[9](loc8: u64)
	27: Lt
	28: BrFalse(80)
B5:
	29: LdConst[0](Vector(Vector(U8)): [128, 2, 5, 99, 111, 117, 108, 100, 7, 109, 101, 115, 115, 97, 103, 101, 13, 105, 110, 116, 101, 114, 110, 97, 116, 105, 111, 110, 97, 108, 4, 114, 101, 97, 100, 6, 102, 97, 109, 105, 108, 121, 5, 101, 118, 101, 110, 116, 5, 115, 116, 111, 114, 101, 6, 100, 101, 116, 97, 105, 108, 6, 115, 121, 115, 116, 101, 109, 7, 118, 101, 114, 115, 105, 111, 110, 4, 108, 97, 115, 116, 8, 110, 97, 116, 105, 111, 110, 97, 108, 4, 110, 101, 101, 100, 4, 108, 105, 110, 107, 6, 116, 114, 97, 118, 101, 108, 6, 109, 101, 109, 98, 101, 114, 4, 101, 97, 99, 104, 5, 99, 108, 105, 99, 107, 6, 97, 99, 99, 101, 115, 115, 4, 111, 118, 101, 114, 7, 103, 101, 110, 101, 114, 97, 108, 5, 98, 108, 97, 99, 107, 5, 115, 111, 117, 116, 104, 7, 97, 100, 100, 114, 101, 115, 115, 7, 112, 114, 111, 103, 114, 97, 109, 4, 104, 105, 103, 104, 4, 116, 104, 97, 116, 8, 115, 104, 111, 112, 112, 105, 110, 103, 4, 115, 97, 105, 100, 8, 100, 111, 119, 110, 108, 111, 97, 100, 5, 102, 111, 114, 117, 109, 7, 97, 110, 111, 116, 104, 101, 114, 6, 110, 117, 109, 98, 101, 114, 4, 111, 110, 108, 121, 7, 99, 111, 109, 109, 101, 110, 116, 4, 109, 97, 105, 110, 7, 115, 117, 98, 106, 101, 99, 116, 4, 100, 97, 116, 97, 4, 115, 105, 116, 101, 9, 102, 111, 108, 108, 111, 119, 105, 110, 103, 5, 104, 111, 116, 101, 108, 4, 121, 101, 97, 114, 6, 99, 101, 110, 116, 101, 114, 4, 118, 105, 101, 119, 4, 109, 117, 115, 116, 4, 119, 101, 108, 108, 7, 112, 114, 111, 100, 117, 99, 116, 8, 99, 111, 109, 112, 117, 116, 101, 114, 8, 105, 110, 116, 101, 114, 110, 101, 116, 8, 115, 111, 102, 116, 119, 97, 114, 101, 4, 98, 97, 99, 107, 5, 116, 104, 101, 114, 101, 5, 97, 98, 111, 117, 116, 4, 106, 117, 115, 116, 5, 112, 104, 111, 110, 101, 5, 112, 114, 105, 99, 101, 4, 110, 101, 120, 116, 4, 108, 105, 107, 101, 4, 115, 111, 109, 101, 7, 98, 101, 116, 119, 101, 101, 110, 4, 112, 97, 114, 116, 10, 109, 97, 110, 97, 103, 101, 109, 101, 110, 116, 6, 99, 111, 117, 110, 116, 121, 6, 119, 105, 116, 104, 105, 110, 4, 119, 105, 108, 108, 5, 115, 116, 105, 108, 108, 4, 116, 101, 120, 116, 11, 100, 101, 118, 101, 108, 111, 112, 109, 101, 110, 116, 5, 116, 104, 111, 115, 101, 5, 115, 109, 97, 108, 108, 7, 106, 97, 110, 117, 97, 114, 121, 11, 105, 110, 102, 111, 114, 109, 97, 116, 105, 111, 110, 4, 115, 117, 99, 104, 8, 108, 111, 99, 97, 116, 105, 111, 110, 5, 119, 97, 116, 101, 114, 6, 114, 101, 115, 117, 108, 116, 5, 99, 104, 105, 108, 100, 4, 119, 111, 114, 107, 7, 114, 101, 108, 97, 116, 101, 100, 4, 99, 105, 116, 121, 4, 119, 97, 110, 116, 6, 98, 101, 102, 111, 114, 101, 8, 115, 101, 99, 117, 114, 105, 116, 121, 4, 115, 105, 122, 101, 9, 101, 100, 117, 99, 97, 116, 105, 111, 110, 4, 118, 101, 114, 121, 4, 116, 104, 97, 110, 5, 119, 111, 114, 108, 100, 5, 119, 111, 109, 101, 110, 5, 115, 105, 110, 99, 101, 7, 112, 114, 111, 106, 101, 99, 116, 4, 101, 118, 101, 110, 6, 104, 101, 97, 108, 116, 104, 7, 115, 117, 112, 112, 111, 114, 116, 4, 111, 112, 101, 110, 5, 111, 114, 100, 101, 114, 10, 103, 111, 118, 101, 114, 110, 109, 101, 110, 116, 4, 115, 104, 111, 119, 4, 99, 97, 115, 101, 4, 105, 110, 102, 111, 4, 116, 104, 101, 110, 5, 116, 111, 116, 97, 108, 4, 101, 98, 97, 121, 7, 99, 111, 109, 112, 97, 110, 121, 4, 102, 114, 111, 109, 6, 114, 97, 116, 105, 110, 103, 5, 104, 111, 117, 115, 101, 5, 102, 105, 114, 115, 116, 4, 116, 121, 112, 101, 4, 109, 111, 114, 101, 4, 100, 111, 119, 110, 5, 119, 104, 105, 99, 104, 4, 114, 101, 97, 108, 6, 112, 108, 101, 97, 115, 101, 5, 119, 104, 101, 114, 101, 5, 103, 114, 111, 117, 112, 5, 108, 101, 118, 101, 108, 4, 100, 97, 121, 115, 4, 104, 97, 118, 101, 4, 108, 111, 110, 103, 5, 110, 111, 114, 116, 104, 7, 100, 105, 103, 105, 116, 97, 108, 7, 112, 114, 111, 102, 105, 108, 101, 9, 100, 105, 114, 101, 99, 116, 111, 114, 121, 5, 117, 115, 105, 110, 103, 6, 100, 117, 114, 105, 110, 103, 8, 112, 101, 114, 115, 111, 110, 97, 108, 5, 119, 104, 105, 116, 101, 8, 98, 117, 115, 105, 110, 101, 115, 115, 6, 114, 101, 112, 111, 114, 116, 4, 116, 104, 101, 109, 4, 109, 111, 115, 116, 4, 97, 114, 101, 97, 4, 104, 111, 109, 101, 4, 105, 116, 101, 109, 5, 118, 105, 100, 101, 111, 4, 99, 97, 114, 101, 4, 109, 97, 110, 121, 7, 112, 114, 105, 118, 97, 99, 121, 5, 108, 111, 99, 97, 108, 6, 112, 101, 111, 112, 108, 101, 7, 97, 99, 99, 111, 117, 110, 116, 4, 109, 97, 107, 101, 4, 102, 114, 101, 101, 9, 105, 110, 99, 108, 117, 100, 105, 110, 103, 8, 115, 104, 105, 112, 112, 105, 110, 103, 7, 115, 101, 114, 118, 105, 99, 101, 7, 104, 105, 115, 116, 111, 114, 121, 7, 99, 111, 110, 116, 97, 99, 116, 6, 100, 101, 115, 105, 103, 110, 7, 99, 111, 110, 116, 114, 111, 108, 5, 119, 111, 117, 108, 100, 5, 109, 101, 100, 105, 97, 4, 109, 97, 105, 108, 4, 115, 105, 103, 110, 4, 100, 111, 101, 115, 4, 121, 111, 117, 114, 9, 97, 118, 97, 105, 108, 97, 98, 108, 101, 8, 114, 101, 115, 111, 117, 114, 99, 101, 7, 116, 104, 114, 111, 117, 103, 104, 6, 114, 101, 118, 105, 101, 119, 7, 110, 101, 116, 119, 111, 114, 107, 4, 115, 101, 110, 100, 4, 105, 110, 116, 111, 5, 109, 117, 115, 105, 99, 5, 115, 112, 111, 114, 116, 4, 108, 105, 102, 101, 4, 104, 101, 114, 101, 5, 103, 117, 105, 100, 101, 4, 102, 105, 108, 101, 4, 117, 115, 101, 114, 4, 112, 111, 115, 116, 10, 116, 101, 99, 104, 110, 111, 108, 111, 103, 121, 10, 117, 110, 105, 118, 101, 114, 115, 105, 116, 121, 5, 112, 108, 97, 99, 101, 5, 103, 114, 101, 97, 116, 8, 114, 101, 115, 101, 114, 118, 101, 100, 4, 102, 117, 108, 108, 4, 100, 97, 116, 101, 5, 98, 111, 97, 114, 100, 6, 111, 102, 102, 105, 99, 101, 4, 108, 105, 115, 116, 4, 119, 104, 97, 116, 4, 98, 111, 116, 104, 4, 97, 108, 115, 111, 4, 115, 97, 109, 101, 8, 97, 109, 101, 114, 105, 99, 97, 110, 4, 102, 111, 114, 109, 4, 103, 97, 109, 101, 5, 98, 97, 115, 101, 100, 4, 99, 111, 100, 101, 5, 116, 111, 100, 97, 121, 5, 105, 110, 100, 101, 120, 5, 98, 101, 105, 110, 103, 6, 117, 110, 105, 116, 101, 100, 4, 119, 104, 101, 110, 4, 104, 101, 108, 112, 7, 115, 101, 99, 116, 105, 111, 110, 5, 115, 116, 97, 116, 101, 4, 110, 97, 109, 101, 6, 112, 111, 108, 105, 99, 121, 7, 99, 117, 114, 114, 101, 110, 116, 6, 114, 101, 116, 117, 114, 110, 5, 116, 104, 105, 110, 107, 4, 107, 110, 111, 119, 4, 109, 117, 99, 104, 5, 102, 111, 117, 110, 100, 6, 112, 111, 115, 116, 101, 100, 5, 117, 110, 100, 101, 114, 7, 115, 112, 101, 99, 105, 97, 108, 4, 112, 97, 103, 101, 4, 116, 104, 105, 115, 4, 110, 101, 119, 115, 7, 115, 116, 117, 100, 101, 110, 116, 4, 103, 111, 111, 100, 4, 117, 115, 101, 100, 4, 98, 111, 111, 107, 6, 111, 110, 108, 105, 110, 101, 5, 114, 105, 103, 104, 116, 6, 112, 117, 98, 108, 105, 99, 4, 114, 97, 116, 101, 9, 99, 111, 109, 109, 117, 110, 105, 116, 121, 5, 116, 104, 114, 101, 101, 4, 119, 105, 116, 104, 4, 116, 101, 114, 109, 4, 108, 105, 110, 101, 4, 98, 101, 101, 110, 4, 108, 111, 118, 101, 4, 116, 105, 109, 101, 5, 119, 104, 105, 108, 101, 5, 116, 104, 101, 105, 114, 5, 112, 111, 119, 101, 114, 7, 119, 105, 116, 104, 111, 117, 116, 7, 119, 101, 98, 115, 105, 116, 101, 4, 98, 101, 115, 116, 6, 115, 104, 111, 117, 108, 100, 6, 115, 101, 97, 114, 99, 104, 9, 99, 111, 112, 121, 114, 105, 103, 104, 116, 8, 114, 101, 115, 101, 97, 114, 99, 104, 5, 111, 116, 104, 101, 114, 5, 99, 108, 97, 115, 115, 8, 112, 114, 101, 118, 105, 111, 117, 115, 5, 116, 104, 101, 115, 101, 4, 116, 104, 101, 121, 6, 99, 104, 97, 110, 103, 101, 4, 115, 104, 111, 112, 4, 102, 105, 110, 100, 7, 98, 101, 99, 97, 117, 115, 101, 7, 112, 105, 99, 116, 117, 114, 101, 5, 97, 102, 116, 101, 114, 6, 115, 99, 104, 111, 111, 108, 4, 119, 101, 114, 101, 4, 109, 97, 100, 101, 4, 116, 97, 107, 101, 5, 99, 104, 101, 99, 107, 5, 101, 109, 97, 105, 108])
	30: StLoc[10](loc9: vector<vector<u8>>)
	31: ImmBorrowLoc[10](loc9: vector<vector<u8>>)
	32: CopyLoc[6](loc5: u64)
	33: VecImmBorrow(0)
	34: StLoc[4](loc3: &vector<u8>)
	35: CopyLoc[4](loc3: &vector<u8>)
	36: VecLen(1)
	37: StLoc[7](loc6: u64)
	38: ImmBorrowLoc[3](loc2: vector<u8>)
	39: LdU64(0)
	40: VecImmBorrow(1)
	41: ReadRef
	42: LdU8(32)
	43: Eq
	44: BrFalse(48)
B6:
	45: LdU64(1)
	46: StLoc[9](loc8: u64)
	47: Branch(50)
B7:
	48: LdU64(0)
	49: StLoc[9](loc8: u64)
B8:
	50: ImmBorrowLoc[3](loc2: vector<u8>)
	51: VecLen(1)
	52: CopyLoc[7](loc6: u64)
	53: CopyLoc[9](loc8: u64)
	54: Add
	55: Ge
	56: BrFalse(73)
B9:
	57: ImmBorrowLoc[3](loc2: vector<u8>)
	58: MoveLoc[7](loc6: u64)
	59: CopyLoc[9](loc8: u64)
	60: Add
	61: StLoc[11](loc10: u64)
	62: MoveLoc[9](loc8: u64)
	63: MoveLoc[11](loc10: u64)
	64: Call sub_range(&vector<u8>, u64, u64): vector<u8>
	65: MoveLoc[4](loc3: &vector<u8>)
	66: ReadRef
	67: Call vector_equals(vector<u8>, vector<u8>): bool
	68: BrFalse(72)
B10:
	69: LdTrue
	70: StLoc[5](loc4: bool)
	71: Branch(82)
B11:
	72: Branch(75)
B12:
	73: MoveLoc[4](loc3: &vector<u8>)
	74: Pop
B13:
	75: MoveLoc[6](loc5: u64)
	76: LdU64(1)
	77: Add
	78: StLoc[6](loc5: u64)
	79: Branch(81)
B14:
	80: Branch(82)
B15:
	81: Branch(18)
B16:
	82: CopyLoc[5](loc4: bool)
	83: BrFalse(191)
B17:
	84: ImmBorrowLoc[3](loc2: vector<u8>)
	85: StLoc[4](loc3: &vector<u8>)
	86: MoveLoc[4](loc3: &vector<u8>)
	87: LdU64(0)
	88: VecImmBorrow(1)
	89: ReadRef
	90: LdU8(32)
	91: Eq
	92: BrFalse(113)
B18:
	93: MutBorrowLoc[1](loc0: vector<u8>)
	94: LdU8(8)
	95: VecPushBack(1)
	96: MutBorrowLoc[1](loc0: vector<u8>)
	97: CopyLoc[6](loc5: u64)
	98: CastU8
	99: VecPushBack(1)
	100: ImmBorrowLoc[3](loc2: vector<u8>)
	101: StLoc[4](loc3: &vector<u8>)
	102: LdU64(1)
	103: ImmBorrowLoc[3](loc2: vector<u8>)
	104: VecLen(1)
	105: StLoc[9](loc8: u64)
	106: StLoc[7](loc6: u64)
	107: MoveLoc[4](loc3: &vector<u8>)
	108: MoveLoc[7](loc6: u64)
	109: MoveLoc[9](loc8: u64)
	110: Call sub_range(&vector<u8>, u64, u64): vector<u8>
	111: StLoc[3](loc2: vector<u8>)
	112: Branch(171)
B19:
	113: ImmBorrowLoc[3](loc2: vector<u8>)
	114: VecLen(1)
	115: LdConst[0](Vector(Vector(U8)): [128, 2, 5, 99, 111, 117, 108, 100, 7, 109, 101, 115, 115, 97, 103, 101, 13, 105, 110, 116, 101, 114, 110, 97, 116, 105, 111, 110, 97, 108, 4, 114, 101, 97, 100, 6, 102, 97, 109, 105, 108, 121, 5, 101, 118, 101, 110, 116, 5, 115, 116, 111, 114, 101, 6, 100, 101, 116, 97, 105, 108, 6, 115, 121, 115, 116, 101, 109, 7, 118, 101, 114, 115, 105, 111, 110, 4, 108, 97, 115, 116, 8, 110, 97, 116, 105, 111, 110, 97, 108, 4, 110, 101, 101, 100, 4, 108, 105, 110, 107, 6, 116, 114, 97, 118, 101, 108, 6, 109, 101, 109, 98, 101, 114, 4, 101, 97, 99, 104, 5, 99, 108, 105, 99, 107, 6, 97, 99, 99, 101, 115, 115, 4, 111, 118, 101, 114, 7, 103, 101, 110, 101, 114, 97, 108, 5, 98, 108, 97, 99, 107, 5, 115, 111, 117, 116, 104, 7, 97, 100, 100, 114, 101, 115, 115, 7, 112, 114, 111, 103, 114, 97, 109, 4, 104, 105, 103, 104, 4, 116, 104, 97, 116, 8, 115, 104, 111, 112, 112, 105, 110, 103, 4, 115, 97, 105, 100, 8, 100, 111, 119, 110, 108, 111, 97, 100, 5, 102, 111, 114, 117, 109, 7, 97, 110, 111, 116, 104, 101, 114, 6, 110, 117, 109, 98, 101, 114, 4, 111, 110, 108, 121, 7, 99, 111, 109, 109, 101, 110, 116, 4, 109, 97, 105, 110, 7, 115, 117, 98, 106, 101, 99, 116, 4, 100, 97, 116, 97, 4, 115, 105, 116, 101, 9, 102, 111, 108, 108, 111, 119, 105, 110, 103, 5, 104, 111, 116, 101, 108, 4, 121, 101, 97, 114, 6, 99, 101, 110, 116, 101, 114, 4, 118, 105, 101, 119, 4, 109, 117, 115, 116, 4, 119, 101, 108, 108, 7, 112, 114, 111, 100, 117, 99, 116, 8, 99, 111, 109, 112, 117, 116, 101, 114, 8, 105, 110, 116, 101, 114, 110, 101, 116, 8, 115, 111, 102, 116, 119, 97, 114, 101, 4, 98, 97, 99, 107, 5, 116, 104, 101, 114, 101, 5, 97, 98, 111, 117, 116, 4, 106, 117, 115, 116, 5, 112, 104, 111, 110, 101, 5, 112, 114, 105, 99, 101, 4, 110, 101, 120, 116, 4, 108, 105, 107, 101, 4, 115, 111, 109, 101, 7, 98, 101, 116, 119, 101, 101, 110, 4, 112, 97, 114, 116, 10, 109, 97, 110, 97, 103, 101, 109, 101, 110, 116, 6, 99, 111, 117, 110, 116, 121, 6, 119, 105, 116, 104, 105, 110, 4, 119, 105, 108, 108, 5, 115, 116, 105, 108, 108, 4, 116, 101, 120, 116, 11, 100, 101, 118, 101, 108, 111, 112, 109, 101, 110, 116, 5, 116, 104, 111, 115, 101, 5, 115, 109, 97, 108, 108, 7, 106, 97, 110, 117, 97, 114, 121, 11, 105, 110, 102, 111, 114, 109, 97, 116, 105, 111, 110, 4, 115, 117, 99, 104, 8, 108, 111, 99, 97, 116, 105, 111, 110, 5, 119, 97, 116, 101, 114, 6, 114, 101, 115, 117, 108, 116, 5, 99, 104, 105, 108, 100, 4, 119, 111, 114, 107, 7, 114, 101, 108, 97, 116, 101, 100, 4, 99, 105, 116, 121, 4, 119, 97, 110, 116, 6, 98, 101, 102, 111, 114, 101, 8, 115, 101, 99, 117, 114, 105, 116, 121, 4, 115, 105, 122, 101, 9, 101, 100, 117, 99, 97, 116, 105, 111, 110, 4, 118, 101, 114, 121, 4, 116, 104, 97, 110, 5, 119, 111, 114, 108, 100, 5, 119, 111, 109, 101, 110, 5, 115, 105, 110, 99, 101, 7, 112, 114, 111, 106, 101, 99, 116, 4, 101, 118, 101, 110, 6, 104, 101, 97, 108, 116, 104, 7, 115, 117, 112, 112, 111, 114, 116, 4, 111, 112, 101, 110, 5, 111, 114, 100, 101, 114, 10, 103, 111, 118, 101, 114, 110, 109, 101, 110, 116, 4, 115, 104, 111, 119, 4, 99, 97, 115, 101, 4, 105, 110, 102, 111, 4, 116, 104, 101, 110, 5, 116, 111, 116, 97, 108, 4, 101, 98, 97, 121, 7, 99, 111, 109, 112, 97, 110, 121, 4, 102, 114, 111, 109, 6, 114, 97, 116, 105, 110, 103, 5, 104, 111, 117, 115, 101, 5, 102, 105, 114, 115, 116, 4, 116, 121, 112, 101, 4, 109, 111, 114, 101, 4, 100, 111, 119, 110, 5, 119, 104, 105, 99, 104, 4, 114, 101, 97, 108, 6, 112, 108, 101, 97, 115, 101, 5, 119, 104, 101, 114, 101, 5, 103, 114, 111, 117, 112, 5, 108, 101, 118, 101, 108, 4, 100, 97, 121, 115, 4, 104, 97, 118, 101, 4, 108, 111, 110, 103, 5, 110, 111, 114, 116, 104, 7, 100, 105, 103, 105, 116, 97, 108, 7, 112, 114, 111, 102, 105, 108, 101, 9, 100, 105, 114, 101, 99, 116, 111, 114, 121, 5, 117, 115, 105, 110, 103, 6, 100, 117, 114, 105, 110, 103, 8, 112, 101, 114, 115, 111, 110, 97, 108, 5, 119, 104, 105, 116, 101, 8, 98, 117, 115, 105, 110, 101, 115, 115, 6, 114, 101, 112, 111, 114, 116, 4, 116, 104, 101, 109, 4, 109, 111, 115, 116, 4, 97, 114, 101, 97, 4, 104, 111, 109, 101, 4, 105, 116, 101, 109, 5, 118, 105, 100, 101, 111, 4, 99, 97, 114, 101, 4, 109, 97, 110, 121, 7, 112, 114, 105, 118, 97, 99, 121, 5, 108, 111, 99, 97, 108, 6, 112, 101, 111, 112, 108, 101, 7, 97, 99, 99, 111, 117, 110, 116, 4, 109, 97, 107, 101, 4, 102, 114, 101, 101, 9, 105, 110, 99, 108, 117, 100, 105, 110, 103, 8, 115, 104, 105, 112, 112, 105, 110, 103, 7, 115, 101, 114, 118, 105, 99, 101, 7, 104, 105, 115, 116, 111, 114, 121, 7, 99, 111, 110, 116, 97, 99, 116, 6, 100, 101, 115, 105, 103, 110, 7, 99, 111, 110, 116, 114, 111, 108, 5, 119, 111, 117, 108, 100, 5, 109, 101, 100, 105, 97, 4, 109, 97, 105, 108, 4, 115, 105, 103, 110, 4, 100, 111, 101, 115, 4, 121, 111, 117, 114, 9, 97, 118, 97, 105, 108, 97, 98, 108, 101, 8, 114, 101, 115, 111, 117, 114, 99, 101, 7, 116, 104, 114, 111, 117, 103, 104, 6, 114, 101, 118, 105, 101, 119, 7, 110, 101, 116, 119, 111, 114, 107, 4, 115, 101, 110, 100, 4, 105, 110, 116, 111, 5, 109, 117, 115, 105, 99, 5, 115, 112, 111, 114, 116, 4, 108, 105, 102, 101, 4, 104, 101, 114, 101, 5, 103, 117, 105, 100, 101, 4, 102, 105, 108, 101, 4, 117, 115, 101, 114, 4, 112, 111, 115, 116, 10, 116, 101, 99, 104, 110, 111, 108, 111, 103, 121, 10, 117, 110, 105, 118, 101, 114, 115, 105, 116, 121, 5, 112, 108, 97, 99, 101, 5, 103, 114, 101, 97, 116, 8, 114, 101, 115, 101, 114, 118, 101, 100, 4, 102, 117, 108, 108, 4, 100, 97, 116, 101, 5, 98, 111, 97, 114, 100, 6, 111, 102, 102, 105, 99, 101, 4, 108, 105, 115, 116, 4, 119, 104, 97, 116, 4, 98, 111, 116, 104, 4, 97, 108, 115, 111, 4, 115, 97, 109, 101, 8, 97, 109, 101, 114, 105, 99, 97, 110, 4, 102, 111, 114, 109, 4, 103, 97, 109, 101, 5, 98, 97, 115, 101, 100, 4, 99, 111, 100, 101, 5, 116, 111, 100, 97, 121, 5, 105, 110, 100, 101, 120, 5, 98, 101, 105, 110, 103, 6, 117, 110, 105, 116, 101, 100, 4, 119, 104, 101, 110, 4, 104, 101, 108, 112, 7, 115, 101, 99, 116, 105, 111, 110, 5, 115, 116, 97, 116, 101, 4, 110, 97, 109, 101, 6, 112, 111, 108, 105, 99, 121, 7, 99, 117, 114, 114, 101, 110, 116, 6, 114, 101, 116, 117, 114, 110, 5, 116, 104, 105, 110, 107, 4, 107, 110, 111, 119, 4, 109, 117, 99, 104, 5, 102, 111, 117, 110, 100, 6, 112, 111, 115, 116, 101, 100, 5, 117, 110, 100, 101, 114, 7, 115, 112, 101, 99, 105, 97, 108, 4, 112, 97, 103, 101, 4, 116, 104, 105, 115, 4, 110, 101, 119, 115, 7, 115, 116, 117, 100, 101, 110, 116, 4, 103, 111, 111, 100, 4, 117, 115, 101, 100, 4, 98, 111, 111, 107, 6, 111, 110, 108, 105, 110, 101, 5, 114, 105, 103, 104, 116, 6, 112, 117, 98, 108, 105, 99, 4, 114, 97, 116, 101, 9, 99, 111, 109, 109, 117, 110, 105, 116, 121, 5, 116, 104, 114, 101, 101, 4, 119, 105, 116, 104, 4, 116, 101, 114, 109, 4, 108, 105, 110, 101, 4, 98, 101, 101, 110, 4, 108, 111, 118, 101, 4, 116, 105, 109, 101, 5, 119, 104, 105, 108, 101, 5, 116, 104, 101, 105, 114, 5, 112, 111, 119, 101, 114, 7, 119, 105, 116, 104, 111, 117, 116, 7, 119, 101, 98, 115, 105, 116, 101, 4, 98, 101, 115, 116, 6, 115, 104, 111, 117, 108, 100, 6, 115, 101, 97, 114, 99, 104, 9, 99, 111, 112, 121, 114, 105, 103, 104, 116, 8, 114, 101, 115, 101, 97, 114, 99, 104, 5, 111, 116, 104, 101, 114, 5, 99, 108, 97, 115, 115, 8, 112, 114, 101, 118, 105, 111, 117, 115, 5, 116, 104, 101, 115, 101, 4, 116, 104, 101, 121, 6, 99, 104, 97, 110, 103, 101, 4, 115, 104, 111, 112, 4, 102, 105, 110, 100, 7, 98, 101, 99, 97, 117, 115, 101, 7, 112, 105, 99, 116, 117, 114, 101, 5, 97, 102, 116, 101, 114, 6, 115, 99, 104, 111, 111, 108, 4, 119, 101, 114, 101, 4, 109, 97, 100, 101, 4, 116, 97, 107, 101, 5, 99, 104, 101, 99, 107, 5, 101, 109, 97, 105, 108])
	116: StLoc[13](loc12: vector<vector<u8>>)
	117: ImmBorrowLoc[13](loc12: vector<vector<u8>>)
	118: CopyLoc[6](loc5: u64)
	119: VecImmBorrow(0)
	120: VecLen(1)
	121: Gt
	122: BrFalse(140)
B20:
	123: ImmBorrowLoc[3](loc2: vector<u8>)
	124: StLoc[4](loc3: &vector<u8>)
	125: LdConst[0](Vector(Vector(U8)): [128, 2, 5, 99, 111, 117, 108, 100, 7, 109, 101, 115, 115, 97, 103, 101, 13, 105, 110, 116, 101, 114, 110, 97, 116, 105, 111, 110, 97, 108, 4, 114, 101, 97, 100, 6, 102, 97, 109, 105, 108, 121, 5, 101, 118, 101, 110, 116, 5, 115, 116, 111, 114, 101, 6, 100, 101, 116, 97, 105, 108, 6, 115, 121, 115, 116, 101, 109, 7, 118, 101, 114, 115, 105, 111, 110, 4, 108, 97, 115, 116, 8, 110, 97, 116, 105, 111, 110, 97, 108, 4, 110, 101, 101, 100, 4, 108, 105, 110, 107, 6, 116, 114, 97, 118, 101, 108, 6, 109, 101, 109, 98, 101, 114, 4, 101, 97, 99, 104, 5, 99, 108, 105, 99, 107, 6, 97, 99, 99, 101, 115, 115, 4, 111, 118, 101, 114, 7, 103, 101, 110, 101, 114, 97, 108, 5, 98, 108, 97, 99, 107, 5, 115, 111, 117, 116, 104, 7, 97, 100, 100, 114, 101, 115, 115, 7, 112, 114, 111, 103, 114, 97, 109, 4, 104, 105, 103, 104, 4, 116, 104, 97, 116, 8, 115, 104, 111, 112, 112, 105, 110, 103, 4, 115, 97, 105, 100, 8, 100, 111, 119, 110, 108, 111, 97, 100, 5, 102, 111, 114, 117, 109, 7, 97, 110, 111, 116, 104, 101, 114, 6, 110, 117, 109, 98, 101, 114, 4, 111, 110, 108, 121, 7, 99, 111, 109, 109, 101, 110, 116, 4, 109, 97, 105, 110, 7, 115, 117, 98, 106, 101, 99, 116, 4, 100, 97, 116, 97, 4, 115, 105, 116, 101, 9, 102, 111, 108, 108, 111, 119, 105, 110, 103, 5, 104, 111, 116, 101, 108, 4, 121, 101, 97, 114, 6, 99, 101, 110, 116, 101, 114, 4, 118, 105, 101, 119, 4, 109, 117, 115, 116, 4, 119, 101, 108, 108, 7, 112, 114, 111, 100, 117, 99, 116, 8, 99, 111, 109, 112, 117, 116, 101, 114, 8, 105, 110, 116, 101, 114, 110, 101, 116, 8, 115, 111, 102, 116, 119, 97, 114, 101, 4, 98, 97, 99, 107, 5, 116, 104, 101, 114, 101, 5, 97, 98, 111, 117, 116, 4, 106, 117, 115, 116, 5, 112, 104, 111, 110, 101, 5, 112, 114, 105, 99, 101, 4, 110, 101, 120, 116, 4, 108, 105, 107, 101, 4, 115, 111, 109, 101, 7, 98, 101, 116, 119, 101, 101, 110, 4, 112, 97, 114, 116, 10, 109, 97, 110, 97, 103, 101, 109, 101, 110, 116, 6, 99, 111, 117, 110, 116, 121, 6, 119, 105, 116, 104, 105, 110, 4, 119, 105, 108, 108, 5, 115, 116, 105, 108, 108, 4, 116, 101, 120, 116, 11, 100, 101, 118, 101, 108, 111, 112, 109, 101, 110, 116, 5, 116, 104, 111, 115, 101, 5, 115, 109, 97, 108, 108, 7, 106, 97, 110, 117, 97, 114, 121, 11, 105, 110, 102, 111, 114, 109, 97, 116, 105, 111, 110, 4, 115, 117, 99, 104, 8, 108, 111, 99, 97, 116, 105, 111, 110, 5, 119, 97, 116, 101, 114, 6, 114, 101, 115, 117, 108, 116, 5, 99, 104, 105, 108, 100, 4, 119, 111, 114, 107, 7, 114, 101, 108, 97, 116, 101, 100, 4, 99, 105, 116, 121, 4, 119, 97, 110, 116, 6, 98, 101, 102, 111, 114, 101, 8, 115, 101, 99, 117, 114, 105, 116, 121, 4, 115, 105, 122, 101, 9, 101, 100, 117, 99, 97, 116, 105, 111, 110, 4, 118, 101, 114, 121, 4, 116, 104, 97, 110, 5, 119, 111, 114, 108, 100, 5, 119, 111, 109, 101, 110, 5, 115, 105, 110, 99, 101, 7, 112, 114, 111, 106, 101, 99, 116, 4, 101, 118, 101, 110, 6, 104, 101, 97, 108, 116, 104, 7, 115, 117, 112, 112, 111, 114, 116, 4, 111, 112, 101, 110, 5, 111, 114, 100, 101, 114, 10, 103, 111, 118, 101, 114, 110, 109, 101, 110, 116, 4, 115, 104, 111, 119, 4, 99, 97, 115, 101, 4, 105, 110, 102, 111, 4, 116, 104, 101, 110, 5, 116, 111, 116, 97, 108, 4, 101, 98, 97, 121, 7, 99, 111, 109, 112, 97, 110, 121, 4, 102, 114, 111, 109, 6, 114, 97, 116, 105, 110, 103, 5, 104, 111, 117, 115, 101, 5, 102, 105, 114, 115, 116, 4, 116, 121, 112, 101, 4, 109, 111, 114, 101, 4, 100, 111, 119, 110, 5, 119, 104, 105, 99, 104, 4, 114, 101, 97, 108, 6, 112, 108, 101, 97, 115, 101, 5, 119, 104, 101, 114, 101, 5, 103, 114, 111, 117, 112, 5, 108, 101, 118, 101, 108, 4, 100, 97, 121, 115, 4, 104, 97, 118, 101, 4, 108, 111, 110, 103, 5, 110, 111, 114, 116, 104, 7, 100, 105, 103, 105, 116, 97, 108, 7, 112, 114, 111, 102, 105, 108, 101, 9, 100, 105, 114, 101, 99, 116, 111, 114, 121, 5, 117, 115, 105, 110, 103, 6, 100, 117, 114, 105, 110, 103, 8, 112, 101, 114, 115, 111, 110, 97, 108, 5, 119, 104, 105, 116, 101, 8, 98, 117, 115, 105, 110, 101, 115, 115, 6, 114, 101, 112, 111, 114, 116, 4, 116, 104, 101, 109, 4, 109, 111, 115, 116, 4, 97, 114, 101, 97, 4, 104, 111, 109, 101, 4, 105, 116, 101, 109, 5, 118, 105, 100, 101, 111, 4, 99, 97, 114, 101, 4, 109, 97, 110, 121, 7, 112, 114, 105, 118, 97, 99, 121, 5, 108, 111, 99, 97, 108, 6, 112, 101, 111, 112, 108, 101, 7, 97, 99, 99, 111, 117, 110, 116, 4, 109, 97, 107, 101, 4, 102, 114, 101, 101, 9, 105, 110, 99, 108, 117, 100, 105, 110, 103, 8, 115, 104, 105, 112, 112, 105, 110, 103, 7, 115, 101, 114, 118, 105, 99, 101, 7, 104, 105, 115, 116, 111, 114, 121, 7, 99, 111, 110, 116, 97, 99, 116, 6, 100, 101, 115, 105, 103, 110, 7, 99, 111, 110, 116, 114, 111, 108, 5, 119, 111, 117, 108, 100, 5, 109, 101, 100, 105, 97, 4, 109, 97, 105, 108, 4, 115, 105, 103, 110, 4, 100, 111, 101, 115, 4, 121, 111, 117, 114, 9, 97, 118, 97, 105, 108, 97, 98, 108, 101, 8, 114, 101, 115, 111, 117, 114, 99, 101, 7, 116, 104, 114, 111, 117, 103, 104, 6, 114, 101, 118, 105, 101, 119, 7, 110, 101, 116, 119, 111, 114, 107, 4, 115, 101, 110, 100, 4, 105, 110, 116, 111, 5, 109, 117, 115, 105, 99, 5, 115, 112, 111, 114, 116, 4, 108, 105, 102, 101, 4, 104, 101, 114, 101, 5, 103, 117, 105, 100, 101, 4, 102, 105, 108, 101, 4, 117, 115, 101, 114, 4, 112, 111, 115, 116, 10, 116, 101, 99, 104, 110, 111, 108, 111, 103, 121, 10, 117, 110, 105, 118, 101, 114, 115, 105, 116, 121, 5, 112, 108, 97, 99, 101, 5, 103, 114, 101, 97, 116, 8, 114, 101, 115, 101, 114, 118, 101, 100, 4, 102, 117, 108, 108, 4, 100, 97, 116, 101, 5, 98, 111, 97, 114, 100, 6, 111, 102, 102, 105, 99, 101, 4, 108, 105, 115, 116, 4, 119, 104, 97, 116, 4, 98, 111, 116, 104, 4, 97, 108, 115, 111, 4, 115, 97, 109, 101, 8, 97, 109, 101, 114, 105, 99, 97, 110, 4, 102, 111, 114, 109, 4, 103, 97, 109, 101, 5, 98, 97, 115, 101, 100, 4, 99, 111, 100, 101, 5, 116, 111, 100, 97, 121, 5, 105, 110, 100, 101, 120, 5, 98, 101, 105, 110, 103, 6, 117, 110, 105, 116, 101, 100, 4, 119, 104, 101, 110, 4, 104, 101, 108, 112, 7, 115, 101, 99, 116, 105, 111, 110, 5, 115, 116, 97, 116, 101, 4, 110, 97, 109, 101, 6, 112, 111, 108, 105, 99, 121, 7, 99, 117, 114, 114, 101, 110, 116, 6, 114, 101, 116, 117, 114, 110, 5, 116, 104, 105, 110, 107, 4, 107, 110, 111, 119, 4, 109, 117, 99, 104, 5, 102, 111, 117, 110, 100, 6, 112, 111, 115, 116, 101, 100, 5, 117, 110, 100, 101, 114, 7, 115, 112, 101, 99, 105, 97, 108, 4, 112, 97, 103, 101, 4, 116, 104, 105, 115, 4, 110, 101, 119, 115, 7, 115, 116, 117, 100, 101, 110, 116, 4, 103, 111, 111, 100, 4, 117, 115, 101, 100, 4, 98, 111, 111, 107, 6, 111, 110, 108, 105, 110, 101, 5, 114, 105, 103, 104, 116, 6, 112, 117, 98, 108, 105, 99, 4, 114, 97, 116, 101, 9, 99, 111, 109, 109, 117, 110, 105, 116, 121, 5, 116, 104, 114, 101, 101, 4, 119, 105, 116, 104, 4, 116, 101, 114, 109, 4, 108, 105, 110, 101, 4, 98, 101, 101, 110, 4, 108, 111, 118, 101, 4, 116, 105, 109, 101, 5, 119, 104, 105, 108, 101, 5, 116, 104, 101, 105, 114, 5, 112, 111, 119, 101, 114, 7, 119, 105, 116, 104, 111, 117, 116, 7, 119, 101, 98, 115, 105, 116, 101, 4, 98, 101, 115, 116, 6, 115, 104, 111, 117, 108, 100, 6, 115, 101, 97, 114, 99, 104, 9, 99, 111, 112, 121, 114, 105, 103, 104, 116, 8, 114, 101, 115, 101, 97, 114, 99, 104, 5, 111, 116, 104, 101, 114, 5, 99, 108, 97, 115, 115, 8, 112, 114, 101, 118, 105, 111, 117, 115, 5, 116, 104, 101, 115, 101, 4, 116, 104, 101, 121, 6, 99, 104, 97, 110, 103, 101, 4, 115, 104, 111, 112, 4, 102, 105, 110, 100, 7, 98, 101, 99, 97, 117, 115, 101, 7, 112, 105, 99, 116, 117, 114, 101, 5, 97, 102, 116, 101, 114, 6, 115, 99, 104, 111, 111, 108, 4, 119, 101, 114, 101, 4, 109, 97, 100, 101, 4, 116, 97, 107, 101, 5, 99, 104, 101, 99, 107, 5, 101, 109, 97, 105, 108])
	126: StLoc[14](loc13: vector<vector<u8>>)
	127: ImmBorrowLoc[14](loc13: vector<vector<u8>>)
	128: CopyLoc[6](loc5: u64)
	129: VecImmBorrow(0)
	130: VecLen(1)
	131: StLoc[7](loc6: u64)
	132: MoveLoc[4](loc3: &vector<u8>)
	133: MoveLoc[7](loc6: u64)
	134: VecImmBorrow(1)
	135: ReadRef
	136: LdU8(32)
	137: Eq
	138: StLoc[15](loc14: bool)
	139: Branch(142)
B21:
	140: LdFalse
	141: StLoc[15](loc14: bool)
B22:
	142: MoveLoc[15](loc14: bool)
	143: BrFalse(164)
B23:
	144: MutBorrowLoc[1](loc0: vector<u8>)
	145: LdU8(7)
	146: VecPushBack(1)
	147: MutBorrowLoc[1](loc0: vector<u8>)
	148: CopyLoc[6](loc5: u64)
	149: CastU8
	150: VecPushBack(1)
	151: ImmBorrowLoc[3](loc2: vector<u8>)
	152: StLoc[4](loc3: &vector<u8>)
	153: LdU64(1)
	154: ImmBorrowLoc[3](loc2: vector<u8>)
	155: VecLen(1)
	156: StLoc[9](loc8: u64)
	157: StLoc[7](loc6: u64)
	158: MoveLoc[4](loc3: &vector<u8>)
	159: MoveLoc[7](loc6: u64)
	160: MoveLoc[9](loc8: u64)
	161: Call sub_range(&vector<u8>, u64, u64): vector<u8>
	162: StLoc[3](loc2: vector<u8>)
	163: Branch(171)
B24:
	164: MutBorrowLoc[1](loc0: vector<u8>)
	165: LdU8(6)
	166: VecPushBack(1)
	167: MutBorrowLoc[1](loc0: vector<u8>)
	168: CopyLoc[6](loc5: u64)
	169: CastU8
	170: VecPushBack(1)
B25:
	171: ImmBorrowLoc[3](loc2: vector<u8>)
	172: StLoc[4](loc3: &vector<u8>)
	173: LdConst[0](Vector(Vector(U8)): [128, 2, 5, 99, 111, 117, 108, 100, 7, 109, 101, 115, 115, 97, 103, 101, 13, 105, 110, 116, 101, 114, 110, 97, 116, 105, 111, 110, 97, 108, 4, 114, 101, 97, 100, 6, 102, 97, 109, 105, 108, 121, 5, 101, 118, 101, 110, 116, 5, 115, 116, 111, 114, 101, 6, 100, 101, 116, 97, 105, 108, 6, 115, 121, 115, 116, 101, 109, 7, 118, 101, 114, 115, 105, 111, 110, 4, 108, 97, 115, 116, 8, 110, 97, 116, 105, 111, 110, 97, 108, 4, 110, 101, 101, 100, 4, 108, 105, 110, 107, 6, 116, 114, 97, 118, 101, 108, 6, 109, 101, 109, 98, 101, 114, 4, 101, 97, 99, 104, 5, 99, 108, 105, 99, 107, 6, 97, 99, 99, 101, 115, 115, 4, 111, 118, 101, 114, 7, 103, 101, 110, 101, 114, 97, 108, 5, 98, 108, 97, 99, 107, 5, 115, 111, 117, 116, 104, 7, 97, 100, 100, 114, 101, 115, 115, 7, 112, 114, 111, 103, 114, 97, 109, 4, 104, 105, 103, 104, 4, 116, 104, 97, 116, 8, 115, 104, 111, 112, 112, 105, 110, 103, 4, 115, 97, 105, 100, 8, 100, 111, 119, 110, 108, 111, 97, 100, 5, 102, 111, 114, 117, 109, 7, 97, 110, 111, 116, 104, 101, 114, 6, 110, 117, 109, 98, 101, 114, 4, 111, 110, 108, 121, 7, 99, 111, 109, 109, 101, 110, 116, 4, 109, 97, 105, 110, 7, 115, 117, 98, 106, 101, 99, 116, 4, 100, 97, 116, 97, 4, 115, 105, 116, 101, 9, 102, 111, 108, 108, 111, 119, 105, 110, 103, 5, 104, 111, 116, 101, 108, 4, 121, 101, 97, 114, 6, 99, 101, 110, 116, 101, 114, 4, 118, 105, 101, 119, 4, 109, 117, 115, 116, 4, 119, 101, 108, 108, 7, 112, 114, 111, 100, 117, 99, 116, 8, 99, 111, 109, 112, 117, 116, 101, 114, 8, 105, 110, 116, 101, 114, 110, 101, 116, 8, 115, 111, 102, 116, 119, 97, 114, 101, 4, 98, 97, 99, 107, 5, 116, 104, 101, 114, 101, 5, 97, 98, 111, 117, 116, 4, 106, 117, 115, 116, 5, 112, 104, 111, 110, 101, 5, 112, 114, 105, 99, 101, 4, 110, 101, 120, 116, 4, 108, 105, 107, 101, 4, 115, 111, 109, 101, 7, 98, 101, 116, 119, 101, 101, 110, 4, 112, 97, 114, 116, 10, 109, 97, 110, 97, 103, 101, 109, 101, 110, 116, 6, 99, 111, 117, 110, 116, 121, 6, 119, 105, 116, 104, 105, 110, 4, 119, 105, 108, 108, 5, 115, 116, 105, 108, 108, 4, 116, 101, 120, 116, 11, 100, 101, 118, 101, 108, 111, 112, 109, 101, 110, 116, 5, 116, 104, 111, 115, 101, 5, 115, 109, 97, 108, 108, 7, 106, 97, 110, 117, 97, 114, 121, 11, 105, 110, 102, 111, 114, 109, 97, 116, 105, 111, 110, 4, 115, 117, 99, 104, 8, 108, 111, 99, 97, 116, 105, 111, 110, 5, 119, 97, 116, 101, 114, 6, 114, 101, 115, 117, 108, 116, 5, 99, 104, 105, 108, 100, 4, 119, 111, 114, 107, 7, 114, 101, 108, 97, 116, 101, 100, 4, 99, 105, 116, 121, 4, 119, 97, 110, 116, 6, 98, 101, 102, 111, 114, 101, 8, 115, 101, 99, 117, 114, 105, 116, 121, 4, 115, 105, 122, 101, 9, 101, 100, 117, 99, 97, 116, 105, 111, 110, 4, 118, 101, 114, 121, 4, 116, 104, 97, 110, 5, 119, 111, 114, 108, 100, 5, 119, 111, 109, 101, 110, 5, 115, 105, 110, 99, 101, 7, 112, 114, 111, 106, 101, 99, 116, 4, 101, 118, 101, 110, 6, 104, 101, 97, 108, 116, 104, 7, 115, 117, 112, 112, 111, 114, 116, 4, 111, 112, 101, 110, 5, 111, 114, 100, 101, 114, 10, 103, 111, 118, 101, 114, 110, 109, 101, 110, 116, 4, 115, 104, 111, 119, 4, 99, 97, 115, 101, 4, 105, 110, 102, 111, 4, 116, 104, 101, 110, 5, 116, 111, 116, 97, 108, 4, 101, 98, 97, 121, 7, 99, 111, 109, 112, 97, 110, 121, 4, 102, 114, 111, 109, 6, 114, 97, 116, 105, 110, 103, 5, 104, 111, 117, 115, 101, 5, 102, 105, 114, 115, 116, 4, 116, 121, 112, 101, 4, 109, 111, 114, 101, 4, 100, 111, 119, 110, 5, 119, 104, 105, 99, 104, 4, 114, 101, 97, 108, 6, 112, 108, 101, 97, 115, 101, 5, 119, 104, 101, 114, 101, 5, 103, 114, 111, 117, 112, 5, 108, 101, 118, 101, 108, 4, 100, 97, 121, 115, 4, 104, 97, 118, 101, 4, 108, 111, 110, 103, 5, 110, 111, 114, 116, 104, 7, 100, 105, 103, 105, 116, 97, 108, 7, 112, 114, 111, 102, 105, 108, 101, 9, 100, 105, 114, 101, 99, 116, 111, 114, 121, 5, 117, 115, 105, 110, 103, 6, 100, 117, 114, 105, 110, 103, 8, 112, 101, 114, 115, 111, 110, 97, 108, 5, 119, 104, 105, 116, 101, 8, 98, 117, 115, 105, 110, 101, 115, 115, 6, 114, 101, 112, 111, 114, 116, 4, 116, 104, 101, 109, 4, 109, 111, 115, 116, 4, 97, 114, 101, 97, 4, 104, 111, 109, 101, 4, 105, 116, 101, 109, 5, 118, 105, 100, 101, 111, 4, 99, 97, 114, 101, 4, 109, 97, 110, 121, 7, 112, 114, 105, 118, 97, 99, 121, 5, 108, 111, 99, 97, 108, 6, 112, 101, 111, 112, 108, 101, 7, 97, 99, 99, 111, 117, 110, 116, 4, 109, 97, 107, 101, 4, 102, 114, 101, 101, 9, 105, 110, 99, 108, 117, 100, 105, 110, 103, 8, 115, 104, 105, 112, 112, 105, 110, 103, 7, 115, 101, 114, 118, 105, 99, 101, 7, 104, 105, 115, 116, 111, 114, 121, 7, 99, 111, 110, 116, 97, 99, 116, 6, 100, 101, 115, 105, 103, 110, 7, 99, 111, 110, 116, 114, 111, 108, 5, 119, 111, 117, 108, 100, 5, 109, 101, 100, 105, 97, 4, 109, 97, 105, 108, 4, 115, 105, 103, 110, 4, 100, 111, 101, 115, 4, 121, 111, 117, 114, 9, 97, 118, 97, 105, 108, 97, 98, 108, 101, 8, 114, 101, 115, 111, 117, 114, 99, 101, 7, 116, 104, 114, 111, 117, 103, 104, 6, 114, 101, 118, 105, 101, 119, 7, 110, 101, 116, 119, 111, 114, 107, 4, 115, 101, 110, 100, 4, 105, 110, 116, 111, 5, 109, 117, 115, 105, 99, 5, 115, 112, 111, 114, 116, 4, 108, 105, 102, 101, 4, 104, 101, 114, 101, 5, 103, 117, 105, 100, 101, 4, 102, 105, 108, 101, 4, 117, 115, 101, 114, 4, 112, 111, 115, 116, 10, 116, 101, 99, 104, 110, 111, 108, 111, 103, 121, 10, 117, 110, 105, 118, 101, 114, 115, 105, 116, 121, 5, 112, 108, 97, 99, 101, 5, 103, 114, 101, 97, 116, 8, 114, 101, 115, 101, 114, 118, 101, 100, 4, 102, 117, 108, 108, 4, 100, 97, 116, 101, 5, 98, 111, 97, 114, 100, 6, 111, 102, 102, 105, 99, 101, 4, 108, 105, 115, 116, 4, 119, 104, 97, 116, 4, 98, 111, 116, 104, 4, 97, 108, 115, 111, 4, 115, 97, 109, 101, 8, 97, 109, 101, 114, 105, 99, 97, 110, 4, 102, 111, 114, 109, 4, 103, 97, 109, 101, 5, 98, 97, 115, 101, 100, 4, 99, 111, 100, 101, 5, 116, 111, 100, 97, 121, 5, 105, 110, 100, 101, 120, 5, 98, 101, 105, 110, 103, 6, 117, 110, 105, 116, 101, 100, 4, 119, 104, 101, 110, 4, 104, 101, 108, 112, 7, 115, 101, 99, 116, 105, 111, 110, 5, 115, 116, 97, 116, 101, 4, 110, 97, 109, 101, 6, 112, 111, 108, 105, 99, 121, 7, 99, 117, 114, 114, 101, 110, 116, 6, 114, 101, 116, 117, 114, 110, 5, 116, 104, 105, 110, 107, 4, 107, 110, 111, 119, 4, 109, 117, 99, 104, 5, 102, 111, 117, 110, 100, 6, 112, 111, 115, 116, 101, 100, 5, 117, 110, 100, 101, 114, 7, 115, 112, 101, 99, 105, 97, 108, 4, 112, 97, 103, 101, 4, 116, 104, 105, 115, 4, 110, 101, 119, 115, 7, 115, 116, 117, 100, 101, 110, 116, 4, 103, 111, 111, 100, 4, 117, 115, 101, 100, 4, 98, 111, 111, 107, 6, 111, 110, 108, 105, 110, 101, 5, 114, 105, 103, 104, 116, 6, 112, 117, 98, 108, 105, 99, 4, 114, 97, 116, 101, 9, 99, 111, 109, 109, 117, 110, 105, 116, 121, 5, 116, 104, 114, 101, 101, 4, 119, 105, 116, 104, 4, 116, 101, 114, 109, 4, 108, 105, 110, 101, 4, 98, 101, 101, 110, 4, 108, 111, 118, 101, 4, 116, 105, 109, 101, 5, 119, 104, 105, 108, 101, 5, 116, 104, 101, 105, 114, 5, 112, 111, 119, 101, 114, 7, 119, 105, 116, 104, 111, 117, 116, 7, 119, 101, 98, 115, 105, 116, 101, 4, 98, 101, 115, 116, 6, 115, 104, 111, 117, 108, 100, 6, 115, 101, 97, 114, 99, 104, 9, 99, 111, 112, 121, 114, 105, 103, 104, 116, 8, 114, 101, 115, 101, 97, 114, 99, 104, 5, 111, 116, 104, 101, 114, 5, 99, 108, 97, 115, 115, 8, 112, 114, 101, 118, 105, 111, 117, 115, 5, 116, 104, 101, 115, 101, 4, 116, 104, 101, 121, 6, 99, 104, 97, 110, 103, 101, 4, 115, 104, 111, 112, 4, 102, 105, 110, 100, 7, 98, 101, 99, 97, 117, 115, 101, 7, 112, 105, 99, 116, 117, 114, 101, 5, 97, 102, 116, 101, 114, 6, 115, 99, 104, 111, 111, 108, 4, 119, 101, 114, 101, 4, 109, 97, 100, 101, 4, 116, 97, 107, 101, 5, 99, 104, 101, 99, 107, 5, 101, 109, 97, 105, 108])
	174: StLoc[16](loc15: vector<vector<u8>>)
	175: ImmBorrowLoc[16](loc15: vector<vector<u8>>)
	176: MoveLoc[6](loc5: u64)
	177: VecImmBorrow(0)
	178: VecLen(1)
	179: ImmBorrowLoc[3](loc2: vector<u8>)
	180: VecLen(1)
	181: StLoc[9](loc8: u64)
	182: StLoc[7](loc6: u64)
	183: MoveLoc[4](loc3: &vector<u8>)
	184: MoveLoc[7](loc6: u64)
	185: MoveLoc[9](loc8: u64)
	186: Call sub_range(&vector<u8>, u64, u64): vector<u8>
	187: StLoc[3](loc2: vector<u8>)
	188: LdU8(0)
	189: StLoc[2](loc1: u8)
	190: Branch(6)
B26:
	191: Branch(192)
B27:
	192: ImmBorrowLoc[3](loc2: vector<u8>)
	193: VecLen(1)
	194: LdU64(2)
	195: Ge
	196: BrFalse(270)
B28:
	197: LdU64(0)
	198: StLoc[6](loc5: u64)
B29:
	199: CopyLoc[6](loc5: u64)
	200: StLoc[7](loc6: u64)
	201: LdConst[1](Vector(U8): [128, 2, 115, 99, 111, 108, 105, 103, 97, 105, 110, 101, 108, 101, 115, 112, 110, 105, 105, 116, 114, 111, 99, 111, 109, 111, 108, 111, 116, 104, 108, 108, 99, 104, 101, 119, 114, 116, 116, 101, 101, 97, 97, 108, 115, 97, 100, 111, 102, 111, 97, 121, 115, 116, 101, 101, 115, 115, 97, 115, 102, 105, 97, 100, 105, 100, 99, 116, 97, 116, 101, 112, 101, 110, 114, 105, 110, 111, 97, 99, 111, 102, 104, 97, 118, 101, 105, 111, 116, 114, 115, 104, 104, 101, 105, 109, 105, 99, 111, 110, 116, 105, 105, 108, 105, 114, 97, 109, 101, 109, 115, 117, 109, 105, 117, 108, 101, 99, 114, 101, 101, 100, 115, 111, 115, 105, 111, 112, 100, 101, 112, 97, 105, 101, 117, 115, 105, 97, 111, 117, 104, 111, 110, 100, 103, 101, 116, 116, 101, 115, 108, 121, 111, 119, 116, 111, 110, 115, 97, 114, 119, 101, 116, 121, 111, 114, 116, 97, 114, 121, 121, 111, 105, 110, 117, 110, 116, 117, 115, 101, 110, 99, 97, 110, 104, 105, 110, 103, 100, 97, 98, 101, 105, 115, 99, 97, 109, 101, 111, 116, 114, 115, 111, 115, 101, 108, 99, 101, 108, 105, 101, 114, 109, 97, 118, 105, 119, 105, 97, 103, 114, 97, 101, 105, 105, 118, 108, 97, 116, 115, 112, 114, 111, 109, 100, 105, 112, 101, 119, 97, 111, 111, 112, 108, 101, 116, 110, 116, 110, 97, 117, 114, 112, 111, 117, 116, 97, 98])
	202: StLoc[17](loc16: vector<u8>)
	203: ImmBorrowLoc[17](loc16: vector<u8>)
	204: VecLen(1)
	205: StLoc[9](loc8: u64)
	206: MoveLoc[7](loc6: u64)
	207: MoveLoc[9](loc8: u64)
	208: Lt
	209: BrFalse(242)
B30:
	210: ImmBorrowLoc[3](loc2: vector<u8>)
	211: StLoc[4](loc3: &vector<u8>)
	212: LdU64(0)
	213: LdU64(2)
	214: StLoc[9](loc8: u64)
	215: StLoc[7](loc6: u64)
	216: MoveLoc[4](loc3: &vector<u8>)
	217: MoveLoc[7](loc6: u64)
	218: MoveLoc[9](loc8: u64)
	219: Call sub_range(&vector<u8>, u64, u64): vector<u8>
	220: LdConst[1](Vector(U8): [128, 2, 115, 99, 111, 108, 105, 103, 97, 105, 110, 101, 108, 101, 115, 112, 110, 105, 105, 116, 114, 111, 99, 111, 109, 111, 108, 111, 116, 104, 108, 108, 99, 104, 101, 119, 114, 116, 116, 101, 101, 97, 97, 108, 115, 97, 100, 111, 102, 111, 97, 121, 115, 116, 101, 101, 115, 115, 97, 115, 102, 105, 97, 100, 105, 100, 99, 116, 97, 116, 101, 112, 101, 110, 114, 105, 110, 111, 97, 99, 111, 102, 104, 97, 118, 101, 105, 111, 116, 114, 115, 104, 104, 101, 105, 109, 105, 99, 111, 110, 116, 105, 105, 108, 105, 114, 97, 109, 101, 109, 115, 117, 109, 105, 117, 108, 101, 99, 114, 101, 101, 100, 115, 111, 115, 105, 111, 112, 100, 101, 112, 97, 105, 101, 117, 115, 105, 97, 111, 117, 104, 111, 110, 100, 103, 101, 116, 116, 101, 115, 108, 121, 111, 119, 116, 111, 110, 115, 97, 114, 119, 101, 116, 121, 111, 114, 116, 97, 114, 121, 121, 111, 105, 110, 117, 110, 116, 117, 115, 101, 110, 99, 97, 110, 104, 105, 110, 103, 100, 97, 98, 101, 105, 115, 99, 97, 109, 101, 111, 116, 114, 115, 111, 115, 101, 108, 99, 101, 108, 105, 101, 114, 109, 97, 118, 105, 119, 105, 97, 103, 114, 97, 101, 105, 105, 118, 108, 97, 116, 115, 112, 114, 111, 109, 100, 105, 112, 101, 119, 97, 111, 111, 112, 108, 101, 116, 110, 116, 110, 97, 117, 114, 112, 111, 117, 116, 97, 98])
	221: StLoc[18](loc17: vector<u8>)
	222: ImmBorrowLoc[18](loc17: vector<u8>)
	223: StLoc[4](loc3: &vector<u8>)
	224: CopyLoc[6](loc5: u64)
	225: LdU64(2)
	226: Add
	227: StLoc[7](loc6: u64)
	228: MoveLoc[4](loc3: &vector<u8>)
	229: CopyLoc[6](loc5: u64)
	230: MoveLoc[7](loc6: u64)
	231: Call sub_range(&vector<u8>, u64, u64): vector<u8>
	232: Call vector_equals(vector<u8>, vector<u8>): bool
	233: BrFalse(237)
B31:
	234: LdTrue
	235: StLoc[5](loc4: bool)
	236: Branch(244)
B32:
	237: MoveLoc[6](loc5: u64)
	238: LdU64(2)
	239: Add
	240: StLoc[6](loc5: u64)
	241: Branch(243)
B33:
	242: Branch(244)
B34:
	243: Branch(199)
B35:
	244: MoveLoc[5](loc4: bool)
	245: BrFalse(269)
B36:
	246: MutBorrowLoc[1](loc0: vector<u8>)
	247: LdU64(128)
	248: MoveLoc[6](loc5: u64)
	249: LdU64(2)
	250: Div
	251: BitOr
	252: CastU8
	253: VecPushBack(1)
	254: ImmBorrowLoc[3](loc2: vector<u8>)
	255: StLoc[4](loc3: &vector<u8>)
	256: LdU64(2)
	257: ImmBorrowLoc[3](loc2: vector<u8>)
	258: VecLen(1)
	259: StLoc[9](loc8: u64)
	260: StLoc[7](loc6: u64)
	261: MoveLoc[4](loc3: &vector<u8>)
	262: MoveLoc[7](loc6: u64)
	263: MoveLoc[9](loc8: u64)
	264: Call sub_range(&vector<u8>, u64, u64): vector<u8>
	265: StLoc[3](loc2: vector<u8>)
	266: LdU8(0)
	267: StLoc[2](loc1: u8)
	268: Branch(6)
B37:
	269: Branch(270)
B38:
	270: ImmBorrowLoc[3](loc2: vector<u8>)
	271: StLoc[4](loc3: &vector<u8>)
	272: MoveLoc[4](loc3: &vector<u8>)
	273: LdU64(0)
	274: VecImmBorrow(1)
	275: LdU8(0)
	276: StLoc[19](loc18: u8)
	277: StLoc[20](loc19: &u8)
	278: CopyLoc[20](loc19: &u8)
	279: ReadRef
	280: StLoc[21](loc20: u8)
	281: MoveLoc[19](loc18: u8)
	282: MoveLoc[21](loc20: u8)
	283: Lt
	284: BrFalse(291)
B39:
	285: CopyLoc[20](loc19: &u8)
	286: ReadRef
	287: LdU8(9)
	288: Lt
	289: StLoc[5](loc4: bool)
	290: Branch(293)
B40:
	291: LdFalse
	292: StLoc[5](loc4: bool)
B41:
	293: MoveLoc[5](loc4: bool)
	294: BrTrue(301)
B42:
	295: CopyLoc[20](loc19: &u8)
	296: ReadRef
	297: LdU8(128)
	298: Lt
	299: StLoc[5](loc4: bool)
	300: Branch(303)
B43:
	301: LdFalse
	302: StLoc[5](loc4: bool)
B44:
	303: MoveLoc[5](loc4: bool)
	304: BrFalse(324)
B45:
	305: MutBorrowLoc[1](loc0: vector<u8>)
	306: MoveLoc[20](loc19: &u8)
	307: ReadRef
	308: VecPushBack(1)
	309: ImmBorrowLoc[3](loc2: vector<u8>)
	310: StLoc[4](loc3: &vector<u8>)
	311: LdU64(1)
	312: ImmBorrowLoc[3](loc2: vector<u8>)
	313: VecLen(1)
	314: StLoc[7](loc6: u64)
	315: StLoc[6](loc5: u64)
	316: MoveLoc[4](loc3: &vector<u8>)
	317: MoveLoc[6](loc5: u64)
	318: MoveLoc[7](loc6: u64)
	319: Call sub_range(&vector<u8>, u64, u64): vector<u8>
	320: StLoc[3](loc2: vector<u8>)
	321: LdU8(0)
	322: StLoc[2](loc1: u8)
	323: Branch(6)
B46:
	324: MoveLoc[2](loc1: u8)
	325: LdU8(1)
	326: Add
	327: StLoc[2](loc1: u8)
	328: CopyLoc[2](loc1: u8)
	329: LdU8(1)
	330: Eq
	331: BrFalse(340)
B47:
	332: MutBorrowLoc[1](loc0: vector<u8>)
	333: CopyLoc[2](loc1: u8)
	334: VecPushBack(1)
	335: MutBorrowLoc[1](loc0: vector<u8>)
	336: MoveLoc[20](loc19: &u8)
	337: ReadRef
	338: VecPushBack(1)
	339: Branch(368)
B48:
	340: MutBorrowLoc[1](loc0: vector<u8>)
	341: MoveLoc[20](loc19: &u8)
	342: ReadRef
	343: VecPushBack(1)
	344: ImmBorrowLoc[1](loc0: vector<u8>)
	345: VecLen(1)
	346: CopyLoc[2](loc1: u8)
	347: LdU8(1)
	348: Add
	349: CastU64
	350: Sub
	351: MutBorrowLoc[1](loc0: vector<u8>)
	352: StLoc[22](loc21: &mut vector<u8>)
	353: StLoc[6](loc5: u64)
	354: MoveLoc[22](loc21: &mut vector<u8>)
	355: MoveLoc[6](loc5: u64)
	356: VecMutBorrow(1)
	357: StLoc[23](loc22: &mut u8)
	358: CopyLoc[2](loc1: u8)
	359: MoveLoc[23](loc22: &mut u8)
	360: WriteRef
	361: CopyLoc[2](loc1: u8)
	362: LdU8(5)
	363: Eq
	364: BrFalse(368)
B49:
	365: LdU8(0)
	366: StLoc[2](loc1: u8)
	367: Branch(368)
B50:
	368: ImmBorrowLoc[3](loc2: vector<u8>)
	369: StLoc[4](loc3: &vector<u8>)
	370: LdU64(1)
	371: ImmBorrowLoc[3](loc2: vector<u8>)
	372: VecLen(1)
	373: StLoc[7](loc6: u64)
	374: StLoc[6](loc5: u64)
	375: MoveLoc[4](loc3: &vector<u8>)
	376: MoveLoc[6](loc5: u64)
	377: MoveLoc[7](loc6: u64)
	378: Call sub_range(&vector<u8>, u64, u64): vector<u8>
	379: StLoc[3](loc2: vector<u8>)
	380: Branch(382)
B51:
	381: Branch(383)
B52:
	382: Branch(6)
B53:
	383: MoveLoc[1](loc0: vector<u8>)
	384: Ret
}
sub_range(Arg0: &vector<u8>, Arg1: u64, Arg2: u64): vector<u8> /* def_idx: 1 */ {
L3:	loc0: vector<u8>
L4:	loc1: u64
L5:	loc2: vector<u8>
B0:
	0: VecPack(1, 0)
	1: StLoc[3](loc0: vector<u8>)
B1:
	2: CopyLoc[1](Arg1: u64)
	3: CopyLoc[2](Arg2: u64)
	4: Lt
	5: BrFalse(17)
B2:
	6: MutBorrowLoc[3](loc0: vector<u8>)
	7: CopyLoc[0](Arg0: &vector<u8>)
	8: CopyLoc[1](Arg1: u64)
	9: VecImmBorrow(1)
	10: ReadRef
	11: VecPushBack(1)
	12: MoveLoc[1](Arg1: u64)
	13: LdU64(1)
	14: Add
	15: StLoc[1](Arg1: u64)
	16: Branch(20)
B3:
	17: MoveLoc[0](Arg0: &vector<u8>)
	18: Pop
	19: Branch(21)
B4:
	20: Branch(2)
B5:
	21: MoveLoc[3](loc0: vector<u8>)
	22: Ret
}
vector_equals(Arg0: vector<u8>, Arg1: vector<u8>): bool /* def_idx: 2 */ {
L2:	loc0: u64
L3:	loc1: u64
L4:	loc2: u64
B0:
	0: ImmBorrowLoc[0](Arg0: vector<u8>)
	1: VecLen(1)
	2: ImmBorrowLoc[1](Arg1: vector<u8>)
	3: VecLen(1)
	4: Neq
	5: BrFalse(8)
B1:
	6: LdFalse
	7: Ret
B2:
	8: LdU64(0)
	9: StLoc[2](loc0: u64)
B3:
	10: CopyLoc[2](loc0: u64)
	11: StLoc[3](loc1: u64)
	12: ImmBorrowLoc[0](Arg0: vector<u8>)
	13: VecLen(1)
	14: StLoc[4](loc2: u64)
	15: MoveLoc[3](loc1: u64)
	16: MoveLoc[4](loc2: u64)
	17: Lt
	18: BrFalse(36)
B4:
	19: ImmBorrowLoc[0](Arg0: vector<u8>)
	20: CopyLoc[2](loc0: u64)
	21: VecImmBorrow(1)
	22: ReadRef
	23: ImmBorrowLoc[1](Arg1: vector<u8>)
	24: CopyLoc[2](loc0: u64)
	25: VecImmBorrow(1)
	26: ReadRef
	27: Neq
	28: BrFalse(31)
B5:
	29: LdFalse
	30: Ret
B6:
	31: MoveLoc[2](loc0: u64)
	32: LdU64(1)
	33: Add
	34: StLoc[2](loc0: u64)
	35: Branch(37)
B7:
	36: Branch(38)
B8:
	37: Branch(10)
B9:
	38: LdTrue
	39: Ret
}
}
